sub.vn=locationservicevn/
vn.lat=15.146369
vn.long=108.369141
sub.my=locationservicemy/
my.lat=2.405299
my.long=113.906250
sub.us=locationserviceus/
us.lat=38.925229
us.long=-76.289063